%YAML:1.0
---
model_type: MEI
camera_name: camera
image_width: 752
image_height: 480
mirror_parameters:
   xi: 3.6313355285286337
distortion_parameters:
   k1: 1.1757726639872075
   k2: 15.491281051140213
   p1: -0.0008123717295455049
   p2: 0.0006729768403031024
projection_parameters:
   gamma1: 2138.7619122017772
   gamma2: 2131.5886210259278
   u0: 361.198566332638
   v0: 248.27644773395667
