slam-hive-algorithm: orb-slam2-ros-stereo
slam-hive-dataset: MH_03_medium
algorithm-parameters:
  nFeatures: 1200
  scaleFactor: 1.2
  nLevels: 8
  iniThFAST: 20
  minThFAST: 7
dataset-parameters:
  fx: 435.2046959714599
  fy: 435.2046959714599
  cx: 367.4517211914062
  cy: 252.2008514404297
  k1: 0.0
  k2: 0.0
  p1: 0.0
  p2: 0.0
  Camera_width: 752
  Camera_height: 480
  fps: 20.0
  bf: 47.90639384423901
  RGB: 1
  ThDepth: 35
  LEFT_D: [-0.28340811, 0.07395907, 0.00019359, 1.76187114e-05, 0.0]
  LEFT_K: [458.654, 0.0, 367.215, 0.0, 457.296, 248.375, 0.0, 0.0, 1.0]
  LEFT_R: [0.999966347530033, -0.001422739138722922, 0.008079580483432283, 
0.001365741834644127, 0.9999741760894847, 0.007055629199258132, 
-0.008089410156878961, -0.007044357138835809, 0.9999424675829176]
  LEFT_P: [435.2046959714599, 0, 367.4517211914062, 0,
  0, 435.2046959714599, 252.2008514404297, 0,
  0, 0, 1, 0]
  RIGHT_D: [-0.28368365, 0.07451284, -0.00010473, -3.555907e-05, 0.0]
  RIGHT_K: [457.587, 0.0, 379.999, 0.0, 456.134, 255.238, 0.0, 0.0, 1]
  RIGHT_R: [0.9999633526194376, -0.003625811871560086, 0.007755443660172947, 
0.003680398547259526, 0.9999684752771629, -0.007035845251224894, 
-0.007729688520722713, 0.007064130529506649, 0.999945173484644]
  RIGHT_P: [435.2046959714599, 0, 367.4517211914062, -47.90639384423901, 
0, 435.2046959714599, 252.2008514404297, 0, 
0, 0, 1, 0]
algorithm-remap:
  stereo_left: /camera/left/image_raw
  stereo_right: /camera/right/image_raw
dataset-remap:
  /camera/left/image_raw: /cam0/image_raw
  /camera/right/image_raw: /cam1/image_raw
