slam-hive-algorithm: vins-fusion-stereo-imu
slam-hive-dataset: MH_04_difficult
algorithm-parameters:
  max_cnt: 150
  min_dist: 30
  freq: 10
  F_threshold: 1.0
  show_track: 1
  flow_back: 1
  max_solver_time: 0.04
  max_num_iterations: 8
  keyframe_parallax: 10.0
dataset-parameters:
  cam0_xi: 3.6313355285286337e+00
  cam0_k1: 1.1757726639872075e+00
  cam0_k2: 1.5491281051140213e+01
  cam0_p1: -8.1237172954550494e-04
  cam0_p2: 6.7297684030310243e-04
  cam0_gamma1: 2.1387619122017772e+03
  cam0_gamma2: 2.1315886210259278e+03
  cam0_u0: 3.6119856633263799e+02
  cam0_v0: 2.4827644773395667e+02
  imu_topic: /imu0
  image0_topic: /cam0/image_raw
  image1_topic: /cam1/image_raw
  image_width: 752
  image_height: 480
  estimate_extrinsic: 0
  estimate_td: 0
  td: 0.0
  body_T_cam0: [0.0148655429818, -0.999880929698, 0.00414029679422, -0.0216401454975,
           0.999557249008, 0.0149672133247, 0.025715529948,  -0.064676986768,
           -0.0257744366974, 0.00375618835797, 0.999660727178, 0.00981073058949,
           0, 0, 0, 1]
  cam1_xi: 8.1261505894146113e-01
  cam1_k1: -3.4247886078397966e-01
  cam1_k2: 1.7108792755973357e-01
  cam1_p1: -6.6653144364906686e-04
  cam1_p2: 7.2311255846767091e-04
  cam1_gamma1: 8.3406249735437791e+02
  cam1_gamma2: 8.3140606765916948e+02
  cam1_u0: 3.7432007355249738e+02
  cam1_v0: 2.5422391621480082e+02
  body_T_cam1: [0.0125552670891, -0.999755099723, 0.0182237714554, -0.0198435579556,
           0.999598781151, 0.0130119051815, 0.0251588363115, 0.0453689425024,
          -0.0253898008918, 0.0179005838253, 0.999517347078, 0.00786212447038,
          0, 0, 0, 1]
  acc_n: 0.1
  gyr_n: 0.01
  acc_w: 0.001
  gyr_w: 0.0001
  g_norm: 9.81007
algorithm-remap:
dataset-remap:
