slam-hive-algorithm: orb-slam3-ros-mono-inertial
slam-hive-dataset: MH_01_easy
algorithm-parameters:
  nFeatures: 1000
  scaleFactor: 1.2
  nLevels: 8
  iniThFAST: 20
  minThFAST: 7
dataset-parameters:
  fx: 458.654
  fy: 457.296
  cx: 367.215
  cy: 248.375
  k1: -0.28340811
  k2: 0.07395907
  p1: 0.00019359
  p2: 1.76187114e-05
  width: 752
  height: 480
  newWidth: 600
  newHeight: 350
  fps: 20
  RGB: 1
  NoiseGyro: 1.7e-4
  NoiseAcc: 2.0000e-3
  GyroWalk: 1.9393e-05
  AccWalk: 3.0000e-03
  Frequency: 200.0
  T_b_c1: [0.999997256477797,-0.002317135723275,-0.000343393120620,0.110074137800478,
0.002312067192432,0.999898048507103,-0.014090668452683,-0.000156612054392,
0.000376008102320,0.014089835846691,0.999900662638081,0.000889382785432,
0,0,0,1.000000000000000]
algorithm-remap:
  mono_topic: /camera/image_raw
  imu_topic: /imu
dataset-remap:
  /camera/image_raw: /cam0/image_raw
  /imu: /imu0
